127 0
1 1.00000000000000e+00 1.00000000000000e+00 0.00000000000000e+00
3 1.00000000000000e+00 0.00000000000000e+00 0.00000000000000e+00
5 0.00000000000000e+00 1.00000000000000e+00 0.00000000000000e+00
7 0.00000000000000e+00 0.00000000000000e+00 0.00000000000000e+00
45 0.00000000000000e+00 9.99999999999983e-02 0.00000000000000e+00
46 0.00000000000000e+00 1.99999999999997e-01 0.00000000000000e+00
47 0.00000000000000e+00 2.99999999999997e-01 0.00000000000000e+00
48 0.00000000000000e+00 3.99999999999997e-01 0.00000000000000e+00
49 0.00000000000000e+00 4.99999999999998e-01 0.00000000000000e+00
50 0.00000000000000e+00 5.99999999999998e-01 0.00000000000000e+00
51 0.00000000000000e+00 6.99999999999999e-01 0.00000000000000e+00
52 0.00000000000000e+00 7.99999999999999e-01 0.00000000000000e+00
53 0.00000000000000e+00 8.99999999999999e-01 0.00000000000000e+00
54 9.99999999999983e-02 1.00000000000000e+00 0.00000000000000e+00
55 1.99999999999997e-01 1.00000000000000e+00 0.00000000000000e+00
56 2.99999999999997e-01 1.00000000000000e+00 0.00000000000000e+00
57 3.99999999999997e-01 1.00000000000000e+00 0.00000000000000e+00
58 4.99999999999998e-01 1.00000000000000e+00 0.00000000000000e+00
59 5.99999999999998e-01 1.00000000000000e+00 0.00000000000000e+00
60 6.99999999999999e-01 1.00000000000000e+00 0.00000000000000e+00
61 7.99999999999999e-01 1.00000000000000e+00 0.00000000000000e+00
62 8.99999999999999e-01 1.00000000000000e+00 0.00000000000000e+00
63 1.00000000000000e+00 9.99999999999983e-02 0.00000000000000e+00
64 1.00000000000000e+00 1.99999999999997e-01 0.00000000000000e+00
65 1.00000000000000e+00 2.99999999999997e-01 0.00000000000000e+00
66 1.00000000000000e+00 3.99999999999997e-01 0.00000000000000e+00
67 1.00000000000000e+00 4.99999999999998e-01 0.00000000000000e+00
68 1.00000000000000e+00 5.99999999999998e-01 0.00000000000000e+00
69 1.00000000000000e+00 6.99999999999999e-01 0.00000000000000e+00
70 1.00000000000000e+00 7.99999999999999e-01 0.00000000000000e+00
71 1.00000000000000e+00 8.99999999999999e-01 0.00000000000000e+00
72 9.99999999999983e-02 0.00000000000000e+00 0.00000000000000e+00
73 1.99999999999997e-01 0.00000000000000e+00 0.00000000000000e+00
74 2.99999999999997e-01 0.00000000000000e+00 0.00000000000000e+00
75 3.99999999999997e-01 0.00000000000000e+00 0.00000000000000e+00
76 4.99999999999998e-01 0.00000000000000e+00 0.00000000000000e+00
77 5.99999999999998e-01 0.00000000000000e+00 0.00000000000000e+00
78 6.99999999999999e-01 0.00000000000000e+00 0.00000000000000e+00
79 7.99999999999999e-01 0.00000000000000e+00 0.00000000000000e+00
80 8.99999999999999e-01 0.00000000000000e+00 0.00000000000000e+00
222 8.60942528269028e-02 1.33471739277580e-01 0.00000000000000e+00
223 9.80998310755372e-02 3.43258348813617e-01 0.00000000000000e+00
224 9.39585682386225e-02 5.50937577824650e-01 0.00000000000000e+00
225 9.45617291563925e-02 7.49015139077706e-01 0.00000000000000e+00
226 1.38207761740833e-01 9.14184109576942e-01 0.00000000000000e+00
227 3.44006366950639e-01 9.16139186218950e-01 0.00000000000000e+00
228 5.45736568839327e-01 9.07111957896600e-01 0.00000000000000e+00
229 7.49932590476884e-01 9.07227742381313e-01 0.00000000000000e+00
230 9.07384370690498e-01 1.46186581063594e-01 0.00000000000000e+00
231 9.08283299211974e-01 2.54368784713676e-01 0.00000000000000e+00
232 9.10969907164991e-01 3.57085439278843e-01 0.00000000000000e+00
233 9.11134210301097e-01 4.58622800494609e-01 0.00000000000000e+00
234 9.08011632628346e-01 5.59708182088374e-01 0.00000000000000e+00
235 9.05525235589202e-01 6.60693891526062e-01 0.00000000000000e+00
236 9.07928933991518e-01 7.62686868710257e-01 0.00000000000000e+00
237 9.14454915024562e-01 8.66251550630297e-01 0.00000000000000e+00
238 1.60698624592890e-01 7.83887289936025e-02 0.00000000000000e+00
239 2.47196318002850e-01 8.61816531951373e-02 0.00000000000000e+00
240 3.43655871847921e-01 8.76064791703639e-02 0.00000000000000e+00
241 4.43844319165516e-01 8.64587304397862e-02 0.00000000000000e+00
242 5.45021652182603e-01 8.60867933410984e-02 0.00000000000000e+00
243 6.45293875720822e-01 8.57851045428876e-02 0.00000000000000e+00
244 7.35366574260703e-01 7.50856600041166e-02 0.00000000000000e+00
245 8.16963034310366e-01 1.05631573839645e-01 0.00000000000000e+00
246 9.66075096531326e-02 2.38555012102544e-01 0.00000000000000e+00
247 9.42136276018176e-02 4.48338955180948e-01 0.00000000000000e+00
248 9.51362774219011e-02 6.51354187299382e-01 0.00000000000000e+00
249 8.57034749370953e-02 8.37335528746899e-01 0.00000000000000e+00
250 2.41460235488086e-01 9.16116479206823e-01 0.00000000000000e+00
251 4.43467927687767e-01 9.09167030540196e-01 0.00000000000000e+00
252 6.50044127097827e-01 9.04447350116882e-01 0.00000000000000e+00
253 8.38634703074571e-01 9.19714178374161e-01 0.00000000000000e+00
254 2.89149994770612e-01 8.43472198665459e-01 0.00000000000000e+00
255 4.85576765834612e-01 8.14122570488015e-01 0.00000000000000e+00
256 1.89560648217083e-01 6.04136294963210e-01 0.00000000000000e+00
257 3.80702654144349e-01 8.21752416315475e-01 0.00000000000000e+00
258 1.90009880832259e-01 8.15687006148801e-01 0.00000000000000e+00
259 1.85088592717902e-01 5.02186563517708e-01 0.00000000000000e+00
260 1.92414123332902e-01 7.06048832068238e-01 0.00000000000000e+00
261 7.12060228774109e-01 7.99815385407055e-01 0.00000000000000e+00
262 8.20485709975377e-01 8.27199008519154e-01 0.00000000000000e+00
263 2.07642930818006e-01 2.77815674226816e-01 0.00000000000000e+00
264 1.80990936341168e-01 1.69376177470209e-01 0.00000000000000e+00
265 8.13789429908217e-01 2.12202368840695e-01 0.00000000000000e+00
266 8.20128694871496e-01 3.16395499887515e-01 0.00000000000000e+00
267 8.25730838735344e-01 4.16080769474603e-01 0.00000000000000e+00
268 8.20077646284896e-01 5.17251900595159e-01 0.00000000000000e+00
269 8.09794744364926e-01 6.17559648302995e-01 0.00000000000000e+00
270 8.10958335867504e-01 7.23978758773030e-01 0.00000000000000e+00
271 1.88183086378087e-01 3.96215253625692e-01 0.00000000000000e+00
272 2.82409730174991e-01 1.77485381138019e-01 0.00000000000000e+00
273 3.86154777796945e-01 1.74042210890864e-01 0.00000000000000e+00
274 4.88349850202767e-01 1.71067531834109e-01 0.00000000000000e+00
275 5.92493198662662e-01 1.71959549821992e-01 0.00000000000000e+00
276 7.09417941893825e-01 1.73289303907296e-01 0.00000000000000e+00
277 5.93757822309828e-01 8.16433241845017e-01 0.00000000000000e+00
278 2.80645939476117e-01 5.54724769253463e-01 0.00000000000000e+00
279 6.34884087684481e-01 7.32976275804198e-01 0.00000000000000e+00
280 2.92628828735199e-01 7.54576650598351e-01 0.00000000000000e+00
281 3.28132197600383e-01 2.63341717415454e-01 0.00000000000000e+00
282 7.15993725336192e-01 6.78113139934105e-01 0.00000000000000e+00
283 7.26083346945715e-01 2.82271818975966e-01 0.00000000000000e+00
284 7.36415249127061e-01 3.81481145421307e-01 0.00000000000000e+00
285 7.47299217344208e-01 4.69106189762798e-01 0.00000000000000e+00
286 7.05071134552012e-01 5.63002490954478e-01 0.00000000000000e+00
287 2.70694424218166e-01 4.56715830213142e-01 0.00000000000000e+00
288 2.83500656373612e-01 3.55748809897354e-01 0.00000000000000e+00
289 2.91869579129011e-01 6.55280819437870e-01 0.00000000000000e+00
290 4.32580410553629e-01 2.57198580085816e-01 0.00000000000000e+00
291 5.30537348548466e-01 2.53643123987416e-01 0.00000000000000e+00
292 6.30412380113860e-01 2.60447263228250e-01 0.00000000000000e+00
293 5.36448886108578e-01 7.23142309552267e-01 0.00000000000000e+00
294 4.10797372473936e-01 7.12604540630476e-01 0.00000000000000e+00
295 6.11444580392660e-01 6.40531756485806e-01 0.00000000000000e+00
296 6.46386295845043e-01 3.59533186936369e-01 0.00000000000000e+00
297 6.55971095514972e-01 4.58893438389797e-01 0.00000000000000e+00
298 3.64732852681642e-01 5.01404095051007e-01 0.00000000000000e+00
299 4.80229668813651e-01 3.41805089741725e-01 0.00000000000000e+00
300 4.98621436913264e-01 6.24075101836246e-01 0.00000000000000e+00
301 3.84715646448003e-01 3.41550982307838e-01 0.00000000000000e+00
302 5.80841933963675e-01 5.40203032767397e-01 0.00000000000000e+00
303 3.86445113295607e-01 5.98399107710170e-01 0.00000000000000e+00
304 3.46438065967302e-01 4.17624090740151e-01 0.00000000000000e+00
305 5.66770229926760e-01 3.30849613134972e-01 0.00000000000000e+00
306 4.70040858218127e-01 5.22191681617247e-01 0.00000000000000e+00
307 5.47623358991321e-01 4.30010133027549e-01 0.00000000000000e+00
308 4.35363574046428e-01 4.28100295096800e-01 0.00000000000000e+00
